14454174
34500952
22080895
5457191
30856244
15153092
42653307
45481273
25069339
31785721
22055713
32850244
30170643
537876
10404927
7568518
17805899
19101535
593514
12792258
8211566
11472648
900839
22818646
42356628
26960629
26523892
17361419
27964796
28446201
23875939
5432915
529219
21651097
28777140
9523928
8614135
17292761
38454070
27548665
28534965
29507616
30222195
10901358
11088315
23026369
5202458
32650591
91885
7040089
10643571
31563470
42084009
855528
39607896
17759321
30033096
1877970
19793110
2160891
18591952
5979993
31326992
40146012
30567425
16774699
284278
21865801
11668914
14461941
10512390
42439308
20551733
574941
25918393
18879475
23112499
19249492
40119615
16962474
42462033
938091
453579
20704793
7502151
38829984
5976262
23296162
27679802
3470564
32651032
6129310
26200348
3725452
5378150
26775571
52884502
16659134
27331213
33606196
514231
23461513
1533986
27613355
33525022
13933113
23828404
14910729
25262122
39371718
653038
28115205
1897185
54248995
335385
1834075
6490537
24974563
15766221
17027943
1022356
3727768
8156101
14452923
23218696
16820299
25406554
35840365
16304705
1430413
27175603
6996898
20729933
6348223
294722
6573274
56119057
5489327
41104461
3210581
15723606
5207474
14380728
17055632
19296382
826928
27852922
1799623
35073949
34259563
1070471
13319496
39735819
34766041
27453043
13560651
20065564
17549252
28711611
8071780
456139
12694770
544745
24126355
20047576
27535624
24054550
23577439
5256338
27475108
20415661
28696380
5978767
173274
533677
29558628
27187270
26515429
12591296
26120500
32221927
9179326
775515
25131535
6762790
41747250
6165606
4289208
29350068
27824563
242815
11800128
3065291
11811135
13273611
4721882
27911611
23685499
26256601
21778495
256293
5848564
38289475
979988
16877475
729118
15172673
6064915
21480859
2064171
5362856
37220047
8981179
11457669
19315276
518387
26362207
29118777
25576375
17431178
50992798
24752242
13041207
37357132
31745317
5943391
46351063
31265246
30318162
14710736
3789946
8102932
25634758
1022464
39582381
941633
21304403
22065178
42958476
2259114
50510668
30961484
17406704
15400059
6203161
5961706
13414074
31414547
14925449
23262115
27799261
28939452
48221275
14851244
53222629
33047488
22633993
1084115
20485358
44979484
13625910
8214182
16940712
27692798
12608820
6606808
24306859
1115311
16180205
18909379
37932859
24424165
5516603
29204748
45782623
21053894
5387672
37907440
15785469
25182700
20711507
956643
4011292
3578757
35418925
8828200
286301
21841063
15397608
2689091
29171232
7526773
25588000
4072180
31035770
22144981
16928565
29098146
23032696
626170
36695314
14010333
34047913
8249764
12429789
22232683
5579962
20512595
21496525
967156
21517714
1373440
8158447
23363293
32700394
36291331
53492344
20365015
14172975
44230153
13183992
20959169
44540008
19033948
5053684
140575
9832124
15038564
443416
36463387
9821300
40944369
26154061
21458221
24950017
15905028
23309518
37475038
39156087
2589923
9789413
25789930
8850352
2403131
718790
11600508
454255
33062704
21174527
8132578
5105105
29104074
28771734
7770289
20396401
22942099
13126269
50896996
48337528
19707637
456715
13232688
2362190
41819727
1110615
5812873
29279340
32634721
15565041
17673407
28705512
709559
728117
5462420
189189
1141722
3911026
14539968
20276710
2714312
36250660
4216257
3921757
5319905
26566000
5496170
26134510
16627541
477669
24587365
17593790
12091260
30195843
8059972
5962915
12299313
8425864
29785770
12740580
30812612
53623816
21062222
311092
27073942
31166789
29514774
13967712
27708119
4120198
16214972
16176539
330685
22501675
30881081
7890166
37701262
314102
13183083
24221599
4363568
10212815
711564
535679
33564922
37015366
31799176
18057323
12510092
52510273
8543680
33639346
20711315
6192340
311126
44049897
54092404
30266163
533219
20600093
12158133
16704016
30333363
2026827
11422551
20216185
42298980
36485707
28040295
7740010
19756399
461340
33942001
42207954
36730066
24502414
34039450
28740780
42327276
13982745
28137807
11682105
5490182
5287604
30170271
9694457
15848610
14868863
27651287
44582866
3809071
11785977
15649041
27836881
12312357
18703900
41515026
25797892
14139486
19380151
14949759
32921029
31486787
28395783
15436701
12289866
5889310
56026003
5249321
32877397
35983024
6697144
8700787
603307
3542057
23348836
19338505
31297244
27749413
13234497
11612991
47542951
13557357
13021761
6043297
42949998
28744458
521102
11177367
36553846
22073215
7373302
31758358
5897374
29760804
3912157
439396
542676
15402894
13832307
18759055
24976264
11958477
9395963
18974530
7523002
24375061
54273397
28418883
23219902
8624551
17475740
1731827
29929482
21351565
19402360
24146410
6252790
8255729
16514102
779298
813349
38307715
41182455
50724295
6419452
29922369
289421
403644
31291970
4245780
13029735
13025274
2542955
25880689
24970723
1006071
3215462
17653448
1754293
53542741
44517277
42507543
50099878
2280786
19299481
22134190
22649368
37741144
42860424
36090868
33983941
38763306
33847072
511559
6641578
30780242
9816140
28003317
23469763
10517349
3389501
317878
11591970
29763402
1019294
25172989
42039480
14506464
31978762
34273708
46150387
49859419
4070788
27651511
31764097
35017522
990947
15336300
33265651
1171951
3163292
8210240
955716
29433594
36088735
9306500
12105813
42421707
27528220
25331092
2462108
30824393
43648180
14403330
3131873
17085302
21291359
25297339
18502681
30673652
2485286
27497134
32687698
15178700
1100367
14881745
49021729
35000761
45685684
17306768
17893868
39033177
386244
2250771
90292
4340120
19850611
40819023
26039317
24501283
21109976
3305831
42481512
10312091
31661573
21346063
30274767
37171144
23313475
11284494
32153017
6103495
5297936
5183396
5798113
1122439
38497510
24907795
565273
34661077
31295576
29002782
1113651
2134260
51358966
45528841
5043679
24269290
34558045
14241267
4170336
3315377
12707139
4775495
26180152
26587504
415792
11911782
28688205
35318005
38484064
32645620
6022432
22818313
26004649
6346363
2387573
6313969
16211786
31772746
13735815
31172957
448050
35109247
30125064
9898043
23937685
15830052
5076781
421507
218496
14120040
23363059
14359944
7973470
17365322
7124200
32258113
28042821
32027689
398023
36024508
6189262
6663184
4291362
3447959
14924510
5972917
949735
5070166
38917710
1295005
34794031
24708757
35823031
19259440
26145604
14253384
8851033
16673791
6900037
27600469
8374798
846749
25015792
25261252
25459687
22901587
11302614
12780513
16757809
6329836
322978
31179347
11784060
31921357
10057286
25098355
3860809
18041990
3785245
16440884
49861429
15845781
4413689
16501667
53134621
20803949
20544503
14462256
42946332
40842384
33542980
41329950
523220
48857872
26056906
7329643
38888538
6089551
26068000
260697
7297006
21696874
26331232
43767579
3760582
693709
26964466
19865440
27716647
25795978
24720655
22073737
5829643
38150557
6496000
35852020
48509626
23624704
20965148
34220494
15229902
12354225
10726146
29894730
17987615
29400780
26867527
3670266
7044220
41083662
25642726
41832864
20428298
22319752
7244671
35878465
18947164
18291839
36728299
16744939
30901802
35016034
25678009
20793560
39620463
859437
20523191
1039102
15029549
8358286
10361988
33834556
3165938
28885623
17249318
41354757
40981653
5626840
44793994
38114833
37644364
52534240
40849572
20908076
43929135
8470711
6548344
21179114
311184
31046156
28843128
31814008
18132074
41597901
302698
28094556
39934098
12925671
8683210
34276216
23179948
27697723
49484491
38894841
29544741
19276393
33413779
54699928
20537630
48235387
23353390
40332825
7619278
35710525
7041868
1044328
5058703
6312550
23068369
1053020
3127124
6916972
35842969
36465553
36027223
14884748
50770141
15942401
29620161
4005610
13692552
15512778
17153555
37330912
944672
18748414
6402778
39349281
14217207
37018012
28997160
25348345
6841507
45460453
21242051
29970729
22283611
14719895
22769074
1834762
27214993
5211086
3836875
887846
56292805
7076824
38786874
16780603
9041333
13223808
6176572
20833961
13340613
974164
35334604
4158951
624888
39278778
31835620
6666643
5963680
1579232
46588483
33565156
28952232
8459995
33169963
11518236
49291036
10625199
22774879
30975815
8165489
11566137
1699244
21899401
6476650
17513966
13903677
11568318
225656
38316823
22314322
25808521
39813519
32555563
30113247
19735813
9979139
22808515
20178895
4361948
7146866
28438050
11787732
6502813
48139672
47540218
6325069
37714300
23888512
2417636
10282097
7353028
686302
20253814
24203860
24492244
13401204
8216047
10671366
4693982
5393945
528963
43877061
34691530
830028
18806527
16175855
31541180
16024022
55895221
27028753
28896483
37686406
21803278
20871695
3168581
19054990
25428937
20567927
23037547
3457130
35650237
11163924
46287427
45929233
11304987
11050104
19829167
30948302
24225004
8215819
15244203
3669174
9396782
1543403
44287948
31388216
25074931
42704571
46203367
2697512
15424197
775472
31104929
3936001
34717462
28779522
39836340
6095266
32406964
13725657
23268064
478180
30645845
35426140
289352
32723953
26215912
17869130
16623611
46875139
1064375
7737991
39692532
3234290
68573
41885505
18232334
9694178
14188524
13689483
28078461
23688328
21747754
11912106
6407713
12644880
42811764
42661215
315289
19105795
10939806
2371448
4311711
35276833
9707828
13723551
660413
23655442
41755839
5712727
615118
35349100
2541998
181789
4984747
23150680
29120643
1150239
49628272
15880086
406466
3694820
27047701
592710
54879991
47170663
15614931
29967351
5816995
26658664
850294
45706345
7483032
24415282
17611106
483837
28919661
38348296
30418842
20125552
517540
26996080
20472005
4285788
10671303
18262727
24510466
35526997
28167540
36338452
52173964
33643507
27855945
45391636
14991491
8416798
10550342
30735683
1466107
7225390
4061911
18852685
39523326
42241758
23105554
7327036
13329738
19153216
47332255
728097
30627767
44556013
17606726
37670392
46463032
34686793
23938144
25522093
23098216
35355265
34514080
17975480
1300453
15149216
8238214
33160750
27042367
9663536
7240036
27449749
14776922
10669833
1168669
6540319
26689675
29210019
16660159
46808647
15426057
14612130
32734864
34329664
13029288
41131356
20796941
25635535
840769
22577869
42073755
32302648
3942424
32097982
11097546
4747496
30209331
544713
12576408
30381063
33614479
26839021
34315378
4910257
31224353
38382340
28490892
25925095
37249237
9679244
1692041
11692404
31886509
254239
5863297
40090614
7484571
951569
7903858
29597418
11724210
12919068
343665
6264202
23391559
23276197
414889
39313176
16633325
187333
37174843
15775512
5420141
32353603
3171864
10676937
20874797
20870726
19972783
8580607
31986928
40114308
31171532
4119645
23836918
16295960
11896683
4891807
36245632
10843560
6225418
42962688
4519881
17237618
56717014
11522949
21270509
52401154
15431100
8462437
11360472
26806840
42366309
29301393
9085084
23428672
1431217
3641511
4867676
45073495
22847731
20618120
33979645
29185125
23798797
15385773
15569055
33315586
5434238
20721302
10363215
603456
28574598
3376361
20848391
7662067
18541177
27560698
42901062
18316175
51998455
16430537
41033199
14043207
27112819
14252472
42955311
26898970
2330390
613489
10515438
21126113
710551
12789168
23634970
37666882
1696946
34184650
31089242
21048587
8081395
30147399
13196307
683777
22997962
17904428
12378177
3453593
6250891
2399867
16137563
23733643
7727554
6731833
18476920
12201210
46768105
2025849
23363458
34287301
7228006
18290495
33177841
11754783
40594122
20525117
19262302
22273138
28332000
15103049
53922436
7063984
50368540
24580090
34590502
15556848
28079745
7445473
35524204
16688044
6937555
28633638
34098184
23966557
23164750
771491
26879800
31585508
38049832
9591863
23725228
1539560
22133047
42362856
14074770
19311661
13502861
16401272
10451103
43121373
5595886
38142916
7569088
875041
8450647
20875838
668926
16024268
23353468
31236587
16724166
29102013
42731187
8911009
36023080
11680548
20836850
637359
16348394
395474
805856
10886052
7239136
34108531
8476210
50200072
28378647
22226461
42629367
9635765
3696803
739908
1931634
27795301
37333618
2214561
27789571
18036863
17542490
21849835
18528973
5482427
27611011
39031407
24871336
17454824
14951606
28831023
35916052
3438185
5454443
31640039
30718958
452467
1647800
41023755
42461010
24407335
124666
342562
14081646
20432597
6918955
26851435
22324987
17192390
472183
11594598
33285814
19910050
25935226
29503899
4721543
12353541
4475078
36846265
6480364
12234609
29210277
51147769
560871
39793356
32985103
40286409
5985381
5787034
2537267
39237264
16139822
10033658
7164674
23333617
6003271
7729453
22866145
224363
49507696
28241151
21169931
34168843
18080861
568273
1174709
29406360
13705554
19426840
18932425
35691046
39863607
12092058
21739045
25798594
26625508
15904065
5658064
10239287
31460756
27019630
11547543
534253
39240864
16159481
25984330
5483918
17080448
39961755
37723993
17245598
18533347
24125464
15656817
370372
50197099
14878527
40805751
13240686
15417978
6395554
22793356
17511734
5178632
38584692
3855538
11793270
799639
224805
31897549
31801831
25415395
23927587
1172598
517683
10515498
26977918
17623097
31855039
22249729
38958180
533227
24461599
9488045
28537713
691003
41190882
15919089
17700572
8627392
2704922
4296828
42267366
18523390
15479805
6428092
5706391
21023267
13477491
4676822
515016
15180926
13455561
5142836
22042492
9107959
3257693
19878952
700097
32695888
30236697
11783163
3441962
58445044
42793446
31717540
43202758
8339794
18454415
21909568
3597228
389495
14445672
38531230
26633779
41643090
3188765
50187955
16593926
9237575
28784400
40495329
24113458
5704957
5895148
47052379
30910364
57949132
26996050
14695077
47862718
13155132
36154351
13884705
29115723
39627237
25168492
16203023
24394585
641453
52208665
24597805
20907563
40367169
6706702
53940505
31952341
5514035
35502061
3617226
17960324
11005755
14679873
15682536
45968509
31553114
23236681
10221233
5372018
919199
5631922
30305751
24737824
10677339
12092811
608365
47718985
23165764
36149113
31107491
11938071
34375672
5242769
7916152
469387
934686
43167177
31702232
39852558
21080711
16915011
2517824
5968039
32070184
12007428
1046282
21368578
15513108
20383642
30106554
